12345678
11111111
22222222
33333333
44444444
55555555
66666666
77777777
88888888
99999999
00000000
37559601
80974675
61104355
65735595
41323240
11336586
35666705
01501632
91091245
12030628
26626828
07048802
54821374
97004947
53355569
67199895
11668584
81772386
07906694
76571455
32347160
11403740
38893541
21344803
79036516
68044934
71289483
13123108
33800245
90039273
36783057
55544795
67635998
91682682
00989227
26038576
72890395
54927164
58379876
35656336
06643863
23947277
33190550
46851020
67406804
91352738
89042384
53243198
78797642
61158694
02532233
61702456
83126937
71120328
71980557
46500775
86696050
52725836
29119482
84178344
81389600
64144484
55747809
94293198
30925708
39125075
13026865
47509173
26766584
77631248
67937144
34242180
03255349
76335119
82824149
11639944
05266163
24365260
00749672
48967382
50182437
90998632
08534795
65897945
64235421
26378388
18859658
15986927
07593642
80728262
65927584
64567049
54273955
98613710
99430381
03169400
83218614
11240283
61362514
91911634
